0.323606
0.323606
0.323606
0.323606
0.323606
0.323606
0.323606
0.322583
0.322583
0.323606
0.323606
0.323606
0.323606
0.323606
0.323606
0.323606
-0.00650029
-0.393456
0.682129
1
-0.414482
0.150404
0.323606
0.323606
0.323606
0.323606
-0.0635827
-1.22325
-1.54992
-0.915848
-0.0935593
-0.112499
0.185758
0.609909
-0.386564
-0.0918154
-0.0633995
0.323606
-0.554817
-0.651182
-0.305517
2.18713
0.354234
1.38312
1.52417
1.39638
-0.162492
-1.64633
0.323606
0.323606
-0.172435
-0.0387636
0.279131
-0.536554
0.212064
0.943546
-0.229534
0.276379
0.366069
-1.24715
0.323606
0.323606
-1.20868
2.5124
-0.193876
0.297388
0.834626
-1.20858
0.409095
1.24586
1.02863
-0.37219
-0.36334
0.323606
0.844377
0.891282
0.305369
-2.7144
-3.4757
-1
0.376133
0.808422
1.55582
-0.846239
-0.36334
0.323606
0.339127
0.127946
0.642685
-1.53046
-1.24622
-0.612137
-0.516285
-0.458797
1.38859
0.364492
0.323606
0.323606
-0.528637
-0.703719
-1.12972
-0.729159
1.16944
0.897365
-0.533222
1.47061
0.378891
0.612417
0.323606
0.323606
-0.146438
-1.31053
-1.07124
0.375482
2.04761
1.71007
1.08115
0.193501
-0.11707
0.553509
0.323606
0.323606
-1.74236
-0.836546
-1.70085
1.15727
0.957962
2.36139
1.02022
0.147845
-1.69094
-0.490308
0.323606
0.323606
-1.26155
-1.33831
-2.64584
-1.22791
0.0578222
0.727842
0.687642
-0.746818
-0.634322
0.323508
0.323606
0.323606
-0.741306
-1.08794
-1.07726
-1.1368
-0.315822
-0.865451
0.405303
-2.09801
-0.364462
-0.698465
0.323606
0.323606
0.323606
-0.0647245
-1.48196
-0.945012
-1.0405
-2.39031
-1.32585
-1.36924
-0.698564
0.323606
0.323606
0.323606
0.323606
0.323606
0.323606
-0.127759
-0.259545
-0.259545
-0.725586
-0.698465
0.323606
0.323606
0.323606
0.323606
0.323606
0.323606
0.323606
0.323606
0.323606
0.323606
0.323606
0.323606
0.323606
0.323606
0.323606
